6174
8540
6028
7919
9178
1694
7537
9615
8705
6686
5253
45
8878
1943
6285
5207
9827
8510
2960
83
1853
4879
4048
8418
371
1617
468
3372
6900
9006
9801
2987
9340
7726
7827
8255
6890
6037
8070
7033
1084
6864
2334
4042
4634
4762
6164
5758
4044
5791
3205
9128
271
3005
1583
4722
4110
6506
3558
8215
9453
9743
6975
8867
8056
3134
3316
74
4058
1966
2523
5003
5108
8013
9181
9798
9712
3335
8156
7946
7106
323
297
1993
6866
4221
460
2996
305
3050
752
3851
4687
5185
1666
9959
4303
6627
2532
9544
9526
8479
613
6409
6110
55
5075
9893
2212
4623
8049
373
9859
2842
55
3758
941
3652
1175
5153
5182
3561
2521
78
9007
3077
4794
1464
9741
3369
2029
2034
9141
7154
8962
4591
3935
5283
9911
7256
8709
4511
5520
6761
8284
2558
1286
524
2534
3717
8382
7420
6497
1965
2977
7925
2591
8859
4979
6616
9741
304
945
3886
6345
9700
8723
9181
104
4973
3382
5053
7977
3477
4884
9909
3777
1899
8096
7438
9262
7925
4765
2414
6947
6664
5318
5797
9359
7592
5549
6889
9918
7148
9561
6679
5267
8003
5707
4430
7466
8495
6673
9088
7203
4768
8354
8145
5933
3739
4712
9205
5669
7177
7419
3728
77
5900
9766
8117
9451
8376
4035
4705
5169
9871
373
3999
6326
6675
3011
38
2362
4924
6651
2689
718
5072
1784
4282
7829
1141
2786
3108
5070
8561
6724
3003
8687
5611
4001
6468
4189
1282
4179
8634
1198
6688
1649
705
4321
8104
6143
4485
9279
7153
2550
4102
1207
7695
2928
7075
3808
9592
1220
4525
3898
6652
7725
9514
5742
9797
6110
3233
3555
6768
435
1103
8556
6539
3498
4697
9028
5
652
861
8013
8505
5163
6386
3438
8232
2188
5173
9761
1735
8472
4946
8547
7313
4005
2249
7779
3379
17
7743
6157
7610
4965
8597
9171
82
6435
1186
8298
5464
2252
5197
3321
1839
8534
9802
478
2742
5866
3577
5912
4612
7376
2491
4723
3993
4066
4489
818
7560
3430
4915
1700
3318
7151
4370
5382
3176
2440
9456
3651
5490
9451
7292
7084
1167
4143
6710
2414
8420
1919
2592
2098
9395
2454
4929
9283
6523
203
886
8765
7689
8274
6396
5960
7067
5588
3645
1473
2865
8529
2139
8370
4063
8676
4046
2963
5765
7597
8956
7578
6775
8208
9285
5556
3624
9730
5193
4586
2419
9883
7045
4325
3618
3636
4208
8253
5117
2589
1320
7704
5871
2815
6974
8099
5683
1903
5291
3558
6779
7821
7770
6260
9300
3251
1438
1205
5947
9047
9400
5336
677
9620
1603
2408
2569
1202
6887
1402
8738
1191
2175
6846
9573
3073
1084
3940
5418
6779
2116
66
6343
8746
6155
6938
5646
9475
4006
4426
3347
8878
7366
7929
8076
1355
813
6037
4489
3194
8125
4215
8632
4649
3576
3214
5497
7804
7734
8044
1455
9254
7702
4439
9186
3498
3782
4990
4299
8968
8066
6351
891
3643
5625
2297
7971
1328
5617
4759
9917
2816
7917
6449
1860
8446
680
4200
5305
9800
5608
1711
146
8707
652
4043
6745
1090
4379
3920
5751
1730
2280
1641
3954
3524
2949
6257
1599
1460
1232
5547
341
7186
6202
6284
1263
4789
4140
4307
9273
2209
568
5985
3559
5569
816
8815
3775
5608
5627
9078
8173
6426
6844
8771
2964
6774
8361
2353
1872
3228
9228
6217
1062
2780
9001
295
7388
9613
309
1679
7288
7099
9927
4747
9526
1456
7628
922
7463
7902
1554
3879
5592
3639
9945
2816
634
4542
1656
7203
9679
4040
2108
1327
6554
3371
7067
5918
2909
2086
3948
7138
2326
6522
9216
315
4192
1789
929
6919
9037
9777
7421
8525
8563
1620
6719
730
1701
8175
6415
3347
2682
6116
387
592
8327
467
7023
6425
9556
6605
3428
5718
6441
6077
1449
1535
7064
929
4305
2407
7878
680
7121
1226
7343
4539
700
9129
5160
9041
5528
3587
6618
7860
2174
9790
5285
6251
5003
8393
7531
7303
8438
691
9253
980
8893
4380
8557
9796
910
9191
8130
6890
3069
1918
7565
3240
7780
4580
9000
842
9207
7841
9098
7743
5254
4170
6592
9022
2799
1676
7440
5047
187
111
8931
4621
7335
5045
49
6003
1799
4941
7815
3209
8594
8489
8410
8492
2663
6377
7444
4427
5505
2482
5900
674
1660
4358
7029
1132
6503
1874
4711
6945
4111
5835
5684
9635
2849
5542
6424
6475
6759
5344
439
7150
2834
5494
3286
6738
7818
1830
681
5104
3333
2183
9777
6881
4763
4769
4858
9427
7645
5302
6521
8341
5077
5069
7743
1461
1063
1797
1123
2586
7638
8770
9109
5627
8124
5379
2994
8354
4938
4044
7106
2461
7980
4271
1748
3285
8846
4515
2181
8185
6841
6467
1219
7325
5091
4391
9848
4412
8930
4244
3694
7777
4173
3422
3140
4143
9895
2201
1410
8391
8890
2204
8052
2676
9128
5562
4899
7381
1186
810
7804
4559
9933
8032
248
1729
3499
6288
4237
234
8991
922
9839
7686
2325
7003
7169
8483
9061
7848
3653
9837
4176
4359
5032
3329
1369
1717
686
3610
6633
4881
2598
6511
6631
3290
2571
8630
9693
8190
4128
9173
6145
3071
3964
2779
5106
8867
2764
8900
6914
762
6761
9360
3882
2704
9470
725
7226
9077
7726
2238
4691
373
7357
3257
1656
1136
1596
6353
8319
4004
9712
3542
6917
3224
4226
3470
5907
4679
2538
6804
2517
7156
2865
5567
1138
1362
4939
9699
2669
9019
3105
737
9099
4263
3164
8202
8386
3533
4595
8974
6979
8142
6632
3779
1223
5809
85
7751
4332
3576
6758
3956
2595
4738
4863
9754
3070
6672
1901
5935
5129
4794
6168
7655
9909
262
4249
4382
4993
5488
4634
3320
6438
2062
6973
7019
6643
240
2349
1323
4527
7822
2457
4153
3928
8930
4592
9154
7256
9966
4937
783
4021
879
4825
8996
8066
4727
3351
2404
3089
7518
4992
8471
3325
3293
2748
8152
5181
6514
5726
216
6009
4969
5047
7419
8246
1589
3505
2694
682
2856
2488
8567
3759
4815
4343
7100
2492
5067
9581
881
8867
626
6086
7763
5347
6975
1885
3392
2539
3307
3872
5920
6996
2512
2427
6695
9618
2227
5840
9246
1197
5017
9089
6404
9273
1561
8654
2015
9661
654
8780
9378
6747
3765
4898
3289
8983
9889
6711
6339
9881
8570
6938
3011
240
5048
1597
7027
4347
1736
4300
8375
1465
4469
108
6519
4030
333
4142
5376
5682
6229
6386
3847
5511
3815
6892
2904
9696
6989
4942
6544
8102
2623
1622
9279
1351
3939
7769
7257
3360
8600
8222
3597
5425
359
8979
1056
545
3955
5954
6783
877
7808
2788
4566
6957
8050
447
9721
4639
439
3165
573
4597
3753
3716
8352
9636
9462
5978
4213
7105
7625
4253
8126
7241
8250
6940
9395
3406
702
6788
2677
6865
1096
1192
6583
7029
9112
3773
4117
7855
1142
2828
5574
2524
6307
3153
4828
1418
5474
5192
9394
2938
1154
9522
3129
2763
7896
5269
7965
4787
8643
8202
7717
6138
2391
7983
2650
9470
2475
4336
8237
7984
2778
8724
5337
2576
1292
1559
1895
5878
6567
4925
8167
5021
2790
7317
8476
3475
3532
21
2561
2465
2492
4403
8656
4143
1994
5584
8667
1958
6425
788
2990
8472
8331
9978
8863
7247
9466
2302
1466
3374
7726
4350
1448
6710
3616
5256
5993
2957
6654
9264
3154
343
2952
8554
719
3860
115
7816
1617
4751
4522
7383
7557
269
9128
3535
1425
7599
6935
3037
6800
6281
6489
3905
9898
5452
915
5962
5214
5834
1301
2815
1211
1461
8559
1567
6481
2887
5283
7764
9
1831
578
905
1387
7040
6369
143
8134
2531
3252
759
7630
2311
7604
9410
610
173
9391
235
1632
9236
1842
4475
9505
3516
29
3405
7242
3013
5255
8135
6817
4543
6121
91
8706
2869
5162
2843
4
546
2007
9349
7792
354
189
8673
6297
1174
4893
2731
7452
6751
3257
6770
4430
6884
7103
6881
6904
2306
422
4118
4919
7742
372
7555
5511
2461
1054
7950
2516
4017
3929
9625
5349
8797
7385
607
6986
2522
630
129
4843
4878
3920
8180
819
5129
7893
3953
8351
9686
9719
8751
5034
8429
2711
4213
9080
3850
9065
8548
6681
5957
2477
1889
5223
6365
8521
6838
4201
6942
5895
1809
1689
1987
881
2884
9254
8028
729
4530
2320
2008
9032
776
6165
6903
7650
6203
9967
3602
5225
466
2606
9284
1936
976
4315
5441
3769
5815
7658
3212
7286
3025
9842
9769
7653
2987
5883
7085
8502
7763
8786
3645
2106
5004
8539
394
2302
4312
6508
4524
599
773
5558
8593
8015
3805
9137
7902
1300
9425
4451
6054
2426
580
5872
7195
4493
3266
4734
3549
5513
5848
830
8562
3956
5174
9040
9213
6355
5901
1822
5864
7829
8760
4530
4419
943
9425
5938
3450
6948
2103
745
8526
6184
996
4322
6968
1182
8398
2529
8933
6817
325
1024
4902
6772
9318
9158
5388
4538
9325
3314
6020
162
9425
3302
4
1062
1565
3331
437
6360
2440
5961
6915
9394
1192
3457
4479
2316
2700
5999
8029
66
875
303
2060
8327
7618
5421
3814
1597
859
4674
7741
2983
9464
4009
571
6922
3684
7417
9199
9664
7300
9468
8131
77
1657
3520
9266
5082
2368
1697
4428
9861
6621
9343
270
2888
2769
2336
5889
9760
4122
380
5838
7852
5754
3203
5084
5883
6518
9417
7885
8619
8428
9773
9598
7165
2122
7477
8962
9542
206
8316
8538
4591
9925
2440
2680
4622
2844
7831
5659
8712
2001
2704
7384
9034
6341
418
522
7204
8130
5795
787
6277
1559
6210
1645
6714
9733
4277
5755
1422
2871
1499
8098
5783
2687
3883
9933
3505
6648
1192
8463
8066
1074
1209
4419
2533
3922
9236
8640
7640
6456
885
9171
9139
8037
3128
2404
633
9731
4598
5342
7389
602
1156
1198
9948
5145
6836
7249
3732
1585
3505
2072
2330
8534
4750
9161
7624
1839
850
5243
9542
4361
2023
4605
1819
8917
6581
5197
7898
8618
9102
8383
2836
9462
1278
1798
2922
7172
4709
4002
4620
4017
591
332
8379
1612
5983
1703
890
2558
128
1950
1446
7178
7166
4790
4192
1583
3519
8431
8277
9836
9186
4459
2166
6069
2254
7743
6718
2078
5041
5804
4022
2128
8450
9310
5428
9504
8361
223
2751
8661
4179
461
1175
2764
5027
1892
1064
8856
3478
7991
8550
1938
233
8522
1575
4838
5678
1282
8867
2905
5872
9081
4231
1281
1198
5931
7502
7790
5635
3690
6499
6327
3416
9327
1431
4048
7694
3370
4320
609
2763
2130
1227
9265
7366
9856
4336
7711
1672
2084
4265
1228
4624
8157
392
1882
1508
9126
8403
5362
3862
7065
9832
1324
5122
3217
7892
4077
5765
5305
7589
7873
1148
8866
5773
5115
3698
3528
8579
6400
8696
2759
9521
8453
9475
4831
1405
9742
3548
3471
9186
3846
5901
9009
8885
7489
9511
4685
9806
3566
5969
8234
3398
9451
1057
5871
2324
7422
1087
4344
7578
7118
5863
6871
9797
9618
3237
456
3341
8936
8420
5332
8127
9526
8419
2088
4765
7721
8299
8435
3089
948
1294
5475
2833
1032
9254
2863
7912
6928
3384
3304
2532
7819
7754
9458
8162
9688
9733
526
5340
7166
2101
1505
3192
7769
1390
5475
2585
7462
5762
8094
5921
4922
3616
3963
7695
6798
1040
6503
5183
7853
2186
6558
7849
7930
1732
52
7429
2358
2673
1747
8030
3623
5884
362
7013
9945
99
161
2995
687
2302
5476
6838
9502
8827
7573
5162
3536
6933
7783
3619
1075
5091
6861
8929
594
7756
8191
4508
1347
7034
1624
4426
9346
9312
5489
4352
2856
9642
6653
6215
8386
514
2349
5332
1564
4455
2958
4942
7253
1863
1921
3258
9802
6446
7527
2447
7398
697
1442
7247
4202
2933
536
3343
85
5623
1832
2076
658
1931
5185
8570
9556
3750
4707
4945
898
9801
7872
8934
2284
6860
752
914
7740
601
8885
9137
5618
5151
5914
3779
8593
2007
6322
5305
1661
9687
4341
1629
9280
5193
8421
1524
4682
7179
9531
8863
2756
8557
2005
3387
2901
3243
7623
8900
9777
7661
7233
9075
7947
2755
9279
4368
1115
6286
1355
951
7830
8445
9107
3998
3358
5974
6657
3209
1729
1356
4063
8014
2898
3938
309
3557
7433
9310
4783
6247
5148
1737
6295
9459
4739
1998
6289
5755
8582
9577
2125
1942
641
3849
7010
7187
5648
3638
5531
2463
4620
8287
7568
1664
5145
6308
8832
863
4866
9529
3277
2425
3115
1700
1173
4899
8738
542
6792
8004
1832
1332
1319
4373
3300
8304
9858
6187
8957
7372
6226
5362
4232
9989
5606
510
1425
3306
3047
2552
3965
6223
5338
3563
1135
4428
4805
193
2322
28
6250
3846
2021
3033
2402
4678
5529
2602
9032
5446
565
5689
8174
4249
1876
9560
6797
2278
4322
2473
8679
3848
4876
3766
9280
1170
5539
565
6921
5616
7232
3397
8759
526
9424
7065
6695
8040
1430
6366
6628
3841
9146
8424
4264
9273
5283
4736
2090
9820
2126
6381
5040
2619
3245
5264
6891
3360
4703
2768
5492
4698
6814
4702
2562
4149
4733
8091
2956
9297
9845
988
9098
2148
4196
1243
8541
2419
7097
3965
6529
1704
6381
257
854
6529
6825
1755
3323
8563
4724
6460
694
4512
751
1423
8071
6523
2857
6935
9459
6355
7214
5068
3394
3011
7956
2641
6421
4043
5851
4963
3523
5318
1936
2112
2591
2697
4588
3887
9489
1756
7591
3083
1354
8455
2302
9281
8383
4510
9220
6952
8577
6090
2944
2355
5612
3418
9832
3444
7385
1902
9464
5783
1611
2456
9489
5367
5296
9861
8337
6116
6952
3178
1860
5848
3911
1529
8039
9551
2297
1867
8557
2910
3860
2760
7263
2184
2130
9665
3323
8811
194
2691
1218
8379
3730
7424
640
3982
5919
3027
6816
3394
5319
9551
5829
7988
3870
8129
80
8881
9832
3593
6221
2367
9614
8913
1586
2417
3256
4830
5446
2739
585
6075
8253
4669
8986
7628
5439
79
9144
636
